        0.0000  -0.986337   0.264918  -0.721419 
        5.0000  -1.016080   0.294616  -0.721465 
       10.0000  -0.993258   0.272114  -0.721144 
       15.0000  -1.007136   0.287346  -0.719790 
       20.0000  -0.984293   0.265040  -0.719253 
       25.0000  -1.019366   0.299524  -0.719842 
       30.0000  -0.992197   0.272520  -0.719677 
       35.0000  -0.992187   0.272488  -0.719699 
       40.0000  -0.995571   0.274961  -0.720610 
       45.0000  -1.014963   0.294530  -0.720433 
       50.0000  -0.975334   0.254972  -0.720362 
       55.0000  -0.975749   0.255344  -0.720404 
       60.0000  -1.011506   0.290496  -0.721010 
       65.0000  -1.021930   0.300397  -0.721533 
       70.0000  -0.967178   0.246801  -0.720377 
       75.0000  -0.970797   0.251602  -0.719196 
       80.0000  -0.970343   0.251768  -0.718574 
       85.0000  -0.949888   0.232581  -0.717308 
       90.0000  -0.975654   0.258920  -0.716735 
       95.0000  -0.982110   0.266865  -0.715245 
      100.0000  -0.989982   0.275026  -0.714957 
      105.0000  -0.981233   0.266782  -0.714451 
      110.0000  -0.987956   0.273868  -0.714088 
      115.0000  -0.989992   0.275887  -0.714105 
      120.0000  -0.986236   0.272437  -0.713798 
      125.0000  -1.006594   0.292170  -0.714423 
      130.0000  -1.001422   0.287284  -0.714139 
      135.0000  -0.970584   0.256780  -0.713804 
      140.0000  -0.974702   0.260462  -0.714240 
      145.0000  -0.987028   0.273110  -0.713918 
      150.0000  -0.984207   0.270793  -0.713414 
      155.0000  -1.008520   0.295772  -0.712748 
      160.0000  -0.976464   0.264136  -0.712328 
      165.0000  -0.977983   0.266199  -0.711784 
      170.0000  -0.988984   0.277921  -0.711063 
      175.0000  -0.979355   0.268629  -0.710725 
      180.0000  -0.998680   0.287636  -0.711044 
      185.0000  -0.948608   0.237104  -0.711504 
      190.0000  -1.004318   0.293061  -0.711257 
      195.0000  -0.999438   0.287657  -0.711782 
      200.0000  -0.987021   0.274960  -0.712061 
      205.0000  -0.995256   0.284063  -0.711192 
      210.0000  -1.013273   0.302730  -0.710542 
      215.0000  -1.004511   0.294334  -0.710177 
      220.0000  -0.978092   0.269200  -0.708892 
      225.0000  -1.004113   0.295016  -0.709097 
      230.0000  -0.986234   0.278960  -0.707274 
      235.0000  -0.968248   0.260247  -0.708001 
      240.0000  -0.976388   0.268614  -0.707773 
      245.0000  -0.969187   0.261445  -0.707741 
      250.0000  -1.017076   0.309869  -0.707206 
      255.0000  -1.005219   0.298695  -0.706524 
      260.0000  -0.996203   0.289651  -0.706552 
      265.0000  -0.977014   0.269249  -0.707766 
      270.0000  -1.012028   0.304153  -0.707875 
      275.0000  -0.968421   0.262042  -0.706379 
      280.0000  -1.019266   0.312764  -0.706502 
      285.0000  -0.976579   0.269454  -0.707125 
      290.0000  -0.967658   0.261002  -0.706656 
      295.0000  -0.964354   0.257174  -0.707181 
      300.0000  -0.979866   0.273424  -0.706441 
      305.0000  -0.982560   0.277210  -0.705350 
      310.0000  -0.950866   0.246748  -0.704118 
      315.0000  -0.948453   0.243745  -0.704708 
      320.0000  -1.006739   0.301592  -0.705147 
      325.0000  -0.979460   0.275093  -0.704367 
      330.0000  -0.981374   0.277446  -0.703927 
      335.0000  -0.986477   0.283236  -0.703241 
      340.0000  -0.991596   0.287463  -0.704133 
      345.0000  -0.968087   0.265145  -0.702942 
      350.0000  -0.976681   0.275504  -0.701177 
      355.0000  -1.005358   0.303505  -0.701853 
      360.0000  -0.984624   0.283727  -0.700897 
      365.0000  -0.983184   0.285083  -0.698101 
      370.0000  -0.992868   0.293880  -0.698987 
      375.0000  -1.006547   0.307989  -0.698558 
      380.0000  -0.980452   0.282273  -0.698179 
      385.0000  -0.974422   0.277546  -0.696876 
      390.0000  -0.958382   0.261101  -0.697281 
      395.0000  -1.015381   0.319224  -0.696157 
      400.0000  -0.998055   0.303039  -0.695016 
      405.0000  -0.985187   0.290240  -0.694946 
      410.0000  -0.953201   0.260107  -0.693094 
      415.0000  -0.969047   0.275807  -0.693240 
      420.0000  -0.960122   0.266890  -0.693232 
      425.0000  -0.976688   0.283972  -0.692716 
      430.0000  -0.965832   0.273802  -0.692031 
      435.0000  -0.967114   0.274259  -0.692855 
      440.0000  -0.979700   0.286738  -0.692962 
      445.0000  -0.997349   0.304599  -0.692750 
      450.0000  -0.974548   0.282715  -0.691833 
      455.0000  -0.983100   0.291876  -0.691224 
      460.0000  -0.947006   0.256661  -0.690345 
      465.0000  -0.961147   0.270626  -0.690521 
      470.0000  -0.960832   0.269277  -0.691554 
      475.0000  -0.947578   0.255632  -0.691946 
      480.0000  -0.941127   0.249181  -0.691946 
      485.0000  -0.957756   0.265451  -0.692305 
      490.0000  -0.959930   0.268352  -0.691578 
      495.0000  -0.955612   0.264297  -0.691315 
      500.0000  -0.941176   0.249427  -0.691748 
      505.0000  -0.946257   0.254266  -0.691990 
      510.0000  -0.998954   0.306560  -0.692394 
      515.0000  -0.955285   0.261388  -0.693897 
      520.0000  -0.960578   0.265394  -0.695185 
      525.0000  -0.960761   0.265104  -0.695657 
      530.0000  -0.947175   0.252166  -0.695009 
      535.0000  -0.960865   0.265635  -0.695229 
      540.0000  -0.983392   0.288720  -0.694672 
      545.0000  -0.974142   0.278872  -0.695271 
      550.0000  -0.975072   0.279610  -0.695462 
      555.0000  -0.957286   0.261471  -0.695815 
      560.0000  -0.960206   0.264790  -0.695416 
      565.0000  -0.941255   0.245048  -0.696207 
      570.0000  -0.977616   0.282135  -0.695481 
      575.0000  -0.976141   0.281468  -0.694674 
      580.0000  -0.954543   0.257755  -0.696788 
      585.0000  -0.966696   0.269858  -0.696838 
      590.0000  -0.967521   0.271098  -0.696424 
      595.0000  -0.972293   0.276117  -0.696176 
      600.0000  -0.939022   0.243502  -0.695520 
      605.0000  -0.937131   0.241615  -0.695516 
      610.0000  -0.962121   0.265374  -0.696747 
      615.0000  -0.950257   0.253384  -0.696873 
      620.0000  -0.974756   0.279125  -0.695631 
      625.0000  -1.000774   0.304852  -0.695922 
      630.0000  -0.956620   0.260894  -0.695725 
      635.0000  -0.988701   0.293214  -0.695487 
      640.0000  -0.971198   0.275414  -0.695784 
      645.0000  -0.965633   0.270606  -0.695027 
      650.0000  -0.992698   0.296918  -0.695780 
      655.0000  -1.013087   0.317054  -0.696033 
      660.0000  -0.983991   0.288074  -0.695917 
      665.0000  -0.973741   0.277721  -0.696020 
      670.0000  -0.963406   0.267673  -0.695733 
      675.0000  -0.989844   0.295467  -0.694378 
      680.0000  -0.991840   0.296571  -0.695269 
      685.0000  -0.958367   0.263014  -0.695353 
      690.0000  -0.990068   0.293840  -0.696229 
      695.0000  -0.975379   0.277939  -0.697440 
      700.0000  -1.009640   0.313147  -0.696493 
      705.0000  -0.985555   0.289088  -0.696467 
      710.0000  -0.950911   0.254915  -0.695996 
      715.0000  -0.947470   0.251606  -0.695864 
      720.0000  -0.989141   0.294925  -0.694216 
      725.0000  -0.989226   0.295150  -0.694076 
      730.0000  -0.975041   0.282347  -0.692694 
      735.0000  -0.963287   0.270255  -0.693032 
      740.0000  -0.973289   0.280403  -0.692887 
      745.0000  -0.978451   0.284434  -0.694016 
      750.0000  -0.986771   0.291144  -0.695628 
      755.0000  -0.958708   0.263201  -0.695507 
      760.0000  -0.972718   0.276029  -0.696689 
      765.0000  -0.973486   0.276924  -0.696562 
      770.0000  -0.973418   0.277158  -0.696260 
      775.0000  -0.963539   0.267383  -0.696157 
      780.0000  -0.971188   0.273563  -0.697625 
      785.0000  -0.985057   0.286355  -0.698703 
      790.0000  -0.973816   0.277456  -0.696360 
      795.0000  -0.962605   0.267043  -0.695562 
      800.0000  -0.976995   0.281741  -0.695254 
      805.0000  -0.968952   0.273260  -0.695692 
      810.0000  -0.967008   0.272066  -0.694941 
      815.0000  -0.958163   0.262618  -0.695545 
      820.0000  -0.991765   0.295631  -0.696134 
      825.0000  -0.967824   0.271902  -0.695922 
      830.0000  -0.963914   0.266728  -0.697186 
      835.0000  -0.953050   0.255725  -0.697325 
      840.0000  -0.987742   0.289710  -0.698032 
      845.0000  -0.950279   0.252110  -0.698169 
      850.0000  -0.970104   0.272099  -0.698005 
      855.0000  -0.989379   0.292986  -0.696393 
      860.0000  -0.965381   0.268979  -0.696401 
      865.0000  -0.951687   0.255789  -0.695898 
      870.0000  -0.971587   0.276134  -0.695454 
      875.0000  -0.948349   0.253695  -0.694653 
      880.0000  -0.975972   0.281529  -0.694443 
      885.0000  -0.957080   0.262924  -0.694156 
      890.0000  -0.961891   0.267999  -0.693892 
      895.0000  -0.989694   0.295668  -0.694026 
      900.0000  -0.942308   0.248840  -0.693468 
      905.0000  -0.948909   0.256069  -0.692839 
      910.0000  -0.951066   0.258840  -0.692227 
      915.0000  -0.944400   0.252573  -0.691827 
      920.0000  -0.972323   0.280866  -0.691457 
      925.0000  -0.928483   0.237483  -0.691000 
      930.0000  -0.934888   0.244470  -0.690418 
      935.0000  -0.950252   0.260451  -0.689801 
      940.0000  -0.980905   0.290462  -0.690443 
      945.0000  -0.925731   0.235577  -0.690153 
      950.0000  -0.955743   0.266883  -0.688860 
      955.0000  -0.930865   0.241582  -0.689283 
      960.0000  -0.945688   0.256167  -0.689522 
      965.0000  -0.953282   0.263991  -0.689291 
      970.0000  -0.966256   0.276968  -0.689288 
      975.0000  -0.957931   0.270343  -0.687587 
      980.0000  -0.976051   0.289304  -0.686747 
      985.0000  -0.938417   0.251473  -0.686944 
      990.0000  -0.947994   0.262024  -0.685971 
      995.0000  -0.949118   0.263543  -0.685575 
     1000.0000  -0.964430   0.277181  -0.687249 
     1005.0000  -0.963533   0.277263  -0.686270 
     1010.0000  -0.979111   0.293112  -0.685999 
     1015.0000  -0.975106   0.288747  -0.686359 
     1020.0000  -0.935409   0.249508  -0.685901 
     1025.0000  -0.952566   0.266439  -0.686127 
     1030.0000  -0.944263   0.258448  -0.685816 
     1035.0000  -0.963930   0.279433  -0.684498 
     1040.0000  -0.963964   0.279331  -0.684633 
     1045.0000  -0.966628   0.282451  -0.684178 
     1050.0000  -0.956840   0.273125  -0.683715 
     1055.0000  -0.945683   0.261725  -0.683959 
     1060.0000  -0.933680   0.251953  -0.681727 
     1065.0000  -0.960838   0.278139  -0.682699 
     1070.0000  -0.983706   0.299971  -0.683735 
     1075.0000  -0.956141   0.272490  -0.683651 
     1080.0000  -0.937450   0.253919  -0.683530 
     1085.0000  -0.955325   0.272212  -0.683113 
     1090.0000  -0.985105   0.302065  -0.683040 
     1095.0000  -0.967023   0.286600  -0.680423 
     1100.0000  -0.970934   0.291739  -0.679194 
     1105.0000  -0.969392   0.288502  -0.680891 
     1110.0000  -0.947641   0.268271  -0.679371 
     1115.0000  -0.968875   0.289585  -0.679290 
     1120.0000  -0.955239   0.276205  -0.679034 
     1125.0000  -0.954023   0.275240  -0.678783 
     1130.0000  -0.974980   0.296626  -0.678353 
     1135.0000  -0.978846   0.300547  -0.678298 
     1140.0000  -0.955418   0.277801  -0.677616 
     1145.0000  -0.939065   0.261653  -0.677412 
     1150.0000  -0.923928   0.246678  -0.677250 
     1155.0000  -0.968478   0.291147  -0.677331 
     1160.0000  -0.946042   0.269545  -0.676497 
     1165.0000  -0.955412   0.278693  -0.676719 
     1170.0000  -0.940239   0.264404  -0.675835 
     1175.0000  -0.962712   0.287220  -0.675492 
     1180.0000  -0.938366   0.261918  -0.676448 
     1185.0000  -0.930877   0.254197  -0.676680 
     1190.0000  -0.943526   0.268306  -0.675220 
     1195.0000  -0.919519   0.244408  -0.675112 
     1200.0000  -0.916287   0.242503  -0.673784 
     1205.0000  -0.937220   0.262665  -0.674555 
     1210.0000  -0.945941   0.271842  -0.674099 
     1215.0000  -0.904799   0.232152  -0.672648 
     1220.0000  -0.941448   0.269395  -0.672053 
     1225.0000  -0.932202   0.259979  -0.672223 
     1230.0000  -0.942226   0.269800  -0.672427 
     1235.0000  -0.907429   0.236282  -0.671147 
     1240.0000  -0.952141   0.280292  -0.671849 
     1245.0000  -0.929476   0.258669  -0.670807 
     1250.0000  -0.955660   0.284894  -0.670766 
     1255.0000  -0.923898   0.252282  -0.671616 
     1260.0000  -0.930746   0.260164  -0.670583 
     1265.0000  -0.955007   0.283803  -0.671204 
     1270.0000  -0.917363   0.246064  -0.671299 
     1275.0000  -0.959838   0.288379  -0.671459 
     1280.0000  -0.938446   0.266945  -0.671501 
     1285.0000  -0.980505   0.308711  -0.671794 
     1290.0000  -0.976939   0.305239  -0.671700 
     1295.0000  -0.943458   0.271797  -0.671661 
     1300.0000  -0.960756   0.289053  -0.671703 
     1305.0000  -0.932646   0.260827  -0.671819 
     1310.0000  -0.960279   0.286983  -0.673296 
     1315.0000  -0.957775   0.285758  -0.672018 
     1320.0000  -0.930443   0.258659  -0.671783 
     1325.0000  -0.948411   0.276737  -0.671675 
     1330.0000  -0.938877   0.268085  -0.670792 
     1335.0000  -0.929182   0.259157  -0.670025 
     1340.0000  -0.921799   0.252013  -0.669786 
     1345.0000  -0.934513   0.265613  -0.668900 
     1350.0000  -0.957557   0.287874  -0.669683 
     1355.0000  -0.949753   0.279123  -0.670630 
     1360.0000  -0.950729   0.279704  -0.671025 
     1365.0000  -0.919317   0.248309  -0.671008 
     1370.0000  -0.974196   0.304549  -0.669647 
     1375.0000  -0.955389   0.286295  -0.669094 
     1380.0000  -0.960202   0.291018  -0.669184 
     1385.0000  -0.984735   0.315693  -0.669042 
     1390.0000  -0.986402   0.318967  -0.667435 
     1395.0000  -0.944890   0.279113  -0.665776 
     1400.0000  -0.942268   0.276722  -0.665546 
     1405.0000  -0.937237   0.271197  -0.666040 
     1410.0000  -0.981136   0.316277  -0.664860 
     1415.0000  -0.952112   0.286752  -0.665360 
     1420.0000  -0.930663   0.264778  -0.665885 
     1425.0000  -0.962400   0.296627  -0.665774 
     1430.0000  -0.937975   0.274078  -0.663897 
     1435.0000  -0.950041   0.286989  -0.663052 
     1440.0000  -0.957786   0.294642  -0.663144 
     1445.0000  -0.961762   0.298913  -0.662849 
     1450.0000  -0.949946   0.286495  -0.663451 
     1455.0000  -0.935378   0.271134  -0.664244 
     1460.0000  -0.956246   0.291174  -0.665072 
     1465.0000  -0.983483   0.318778  -0.664705 
     1470.0000  -0.966466   0.300936  -0.665530 
     1475.0000  -0.975890   0.309692  -0.666198 
     1480.0000  -0.981133   0.314749  -0.666384 
     1485.0000  -0.959795   0.294923  -0.664871 
     1490.0000  -0.926086   0.262348  -0.663738 
     1495.0000  -0.981093   0.318042  -0.663051 
     1500.0000  -0.953661   0.289702  -0.663959 
     1505.0000  -0.947111   0.283595  -0.663516 
     1510.0000  -0.936516   0.272846  -0.663670 
     1515.0000  -0.945971   0.283448  -0.662523 
     1520.0000  -0.986354   0.323218  -0.663136 
     1525.0000  -0.941791   0.277849  -0.663942 
     1530.0000  -0.981764   0.318600  -0.663164 
     1535.0000  -0.951804   0.288590  -0.663214 
     1540.0000  -0.938185   0.273229  -0.664957 
     1545.0000  -0.937433   0.272751  -0.664681 
     1550.0000  -0.938273   0.272668  -0.665606 
     1555.0000  -0.961522   0.295866  -0.665656 
     1560.0000  -0.953456   0.289519  -0.663936 
     1565.0000  -0.928451   0.265904  -0.662547 
     1570.0000  -0.954963   0.292735  -0.662228 
     1575.0000  -0.927768   0.265638  -0.662130 
     1580.0000  -0.962001   0.299759  -0.662242 
     1585.0000  -0.931612   0.269092  -0.662520 
     1590.0000  -0.895089   0.232745  -0.662344 
     1595.0000  -0.948699   0.286645  -0.662055 
     1600.0000  -0.922451   0.261760  -0.660691 
     1605.0000  -0.943771   0.282639  -0.661132 
     1610.0000  -0.928700   0.269544  -0.659156 
     1615.0000  -0.915028   0.255841  -0.659187 
     1620.0000  -0.943186   0.284046  -0.659140 
     1625.0000  -0.918293   0.258901  -0.659393 
     1630.0000  -0.918119   0.258676  -0.659443 
     1635.0000  -0.943107   0.283525  -0.659582 
     1640.0000  -0.921160   0.262044  -0.659116 
     1645.0000  -0.925880   0.266551  -0.659330 
     1650.0000  -0.913311   0.254234  -0.659077 
     1655.0000  -0.930545   0.272162  -0.658383 
     1660.0000  -0.881881   0.224080  -0.657801 
     1665.0000  -0.941062   0.282399  -0.658662 
     1670.0000  -0.917495   0.260328  -0.657167 
     1675.0000  -0.916396   0.259724  -0.656672 
     1680.0000  -0.921928   0.265296  -0.656632 
     1685.0000  -0.931422   0.274291  -0.657131 
     1690.0000  -0.928690   0.272777  -0.655913 
     1695.0000  -0.906279   0.251213  -0.655066 
     1700.0000  -0.942452   0.287626  -0.654826 
     1705.0000  -0.946032   0.291107  -0.654925 
     1710.0000  -0.955736   0.301208  -0.654528 
     1715.0000  -0.938172   0.283555  -0.654617 
     1720.0000  -0.957375   0.303508  -0.653867 
     1725.0000  -0.956325   0.302452  -0.653873 
     1730.0000  -0.928289   0.273994  -0.654295 
     1735.0000  -0.942791   0.287909  -0.654882 
     1740.0000  -0.911701   0.256425  -0.655276 
     1745.0000  -0.916080   0.261160  -0.654920 
     1750.0000  -0.918055   0.263076  -0.654979 
     1755.0000  -0.928751   0.275158  -0.653594 
     1760.0000  -0.924099   0.271769  -0.652331 
     1765.0000  -0.934306   0.281690  -0.652616 
     1770.0000  -0.919903   0.267837  -0.652066 
     1775.0000  -0.932102   0.279821  -0.652281 
     1780.0000  -0.912649   0.260409  -0.652240 
     1785.0000  -0.923538   0.272601  -0.650937 
     1790.0000  -0.949005   0.298364  -0.650641 
     1795.0000  -0.928010   0.277294  -0.650716 
     1800.0000  -0.946113   0.294484  -0.651629 
     1805.0000  -0.919060   0.268799  -0.650261 
     1810.0000  -0.906224   0.256780  -0.649444 
     1815.0000  -0.935310   0.286717  -0.648593 
     1820.0000  -0.930677   0.281959  -0.648718 
     1825.0000  -0.914773   0.265793  -0.648979 
     1830.0000  -0.911619   0.261953  -0.649666 
     1835.0000  -0.936990   0.287832  -0.649157 
     1840.0000  -0.912535   0.264011  -0.648523 
     1845.0000  -0.910729   0.262010  -0.648719 
     1850.0000  -0.941613   0.292280  -0.649333 
     1855.0000  -0.938107   0.288931  -0.649176 
     1860.0000  -0.947286   0.298806  -0.648480 
     1865.0000  -0.923226   0.274274  -0.648952 
     1870.0000  -0.928890   0.280834  -0.648056 
     1875.0000  -0.898436   0.251604  -0.646832 
     1880.0000  -0.908429   0.261687  -0.646742 
     1885.0000  -0.923065   0.276816  -0.646249 
     1890.0000  -0.900711   0.253045  -0.647667 
     1895.0000  -0.896496   0.248606  -0.647890 
     1900.0000  -0.919456   0.270346  -0.649110 
     1905.0000  -0.896461   0.247743  -0.648718 
     1910.0000  -0.897188   0.248155  -0.649033 
     1915.0000  -0.905920   0.257069  -0.648851 
     1920.0000  -0.914837   0.267134  -0.647702 
     1925.0000  -0.915859   0.269017  -0.646842 
     1930.0000  -0.929334   0.282578  -0.646756 
     1935.0000  -0.937797   0.291437  -0.646360 
     1940.0000  -0.931045   0.285826  -0.645219 
     1945.0000  -0.910342   0.266258  -0.644085 
     1950.0000  -0.934209   0.290595  -0.643615 
     1955.0000  -0.940812   0.297484  -0.643328 
     1960.0000  -0.895623   0.253186  -0.642437 
     1965.0000  -0.925897   0.283432  -0.642464 
     1970.0000  -0.907315   0.265515  -0.641801 
     1975.0000  -0.916267   0.274262  -0.642005 
     1980.0000  -0.915658   0.273776  -0.641883 
     1985.0000  -0.892446   0.251514  -0.640932 
     1990.0000  -0.922242   0.280029  -0.642213 
     1995.0000  -0.931026   0.288596  -0.642430 
     2000.0000  -0.913448   0.269882  -0.643565 
     2005.0000  -0.931559   0.287764  -0.643795 
     2010.0000  -0.913212   0.269670  -0.643543 
     2015.0000  -0.933662   0.289980  -0.643682 
     2020.0000  -0.906738   0.262353  -0.644386 
     2025.0000  -0.925290   0.281441  -0.643849 
     2030.0000  -0.925780   0.282761  -0.643020 
     2035.0000  -0.920764   0.277727  -0.643037 
     2040.0000  -0.886036   0.242494  -0.643542 
     2045.0000  -0.918912   0.276913  -0.641998 
     2050.0000  -0.951239   0.309542  -0.641697 
     2055.0000  -0.897915   0.256252  -0.641662 
     2060.0000  -0.914179   0.273373  -0.640806 
     2065.0000  -0.922865   0.282537  -0.640328 
     2070.0000  -0.958668   0.318843  -0.639825 
     2075.0000  -0.913929   0.273541  -0.640388 
     2080.0000  -0.950793   0.310393  -0.640401 
     2085.0000  -0.950039   0.308885  -0.641154 
     2090.0000  -0.915981   0.274158  -0.641824 
     2095.0000  -0.911358   0.271254  -0.640104 
     2100.0000  -0.927626   0.286702  -0.640925 
     2105.0000  -0.909210   0.268373  -0.640837 
     2110.0000  -0.927185   0.285315  -0.641871 
     2115.0000  -0.921269   0.279227  -0.642042 
     2120.0000  -0.917672   0.276302  -0.641370 
     2125.0000  -0.915207   0.273327  -0.641880 
     2130.0000  -0.931951   0.289710  -0.642240 
     2135.0000  -0.909592   0.267829  -0.641762 
     2140.0000  -0.945947   0.303952  -0.641996 
     2145.0000  -0.881537   0.239800  -0.641737 
     2150.0000  -0.930173   0.290397  -0.639775 
     2155.0000  -0.924859   0.283899  -0.640961 
     2160.0000  -0.923751   0.283739  -0.640012 
     2165.0000  -0.966976   0.327628  -0.639348 
     2170.0000  -0.975694   0.335853  -0.639841 
     2175.0000  -0.953138   0.313787  -0.639351 
     2180.0000  -0.941402   0.301031  -0.640372 
     2185.0000  -0.918944   0.279193  -0.639750 
     2190.0000  -0.936153   0.296019  -0.640134 
     2195.0000  -0.934460   0.294363  -0.640097 
     2200.0000  -0.927688   0.289891  -0.637797 
     2205.0000  -0.916623   0.279025  -0.637599 
     2210.0000  -0.910184   0.273341  -0.636843 
     2215.0000  -0.928634   0.291088  -0.637546 
     2220.0000  -0.922401   0.285413  -0.636987 
     2225.0000  -0.906710   0.270283  -0.636427 
     2230.0000  -0.919842   0.281921  -0.637921 
     2235.0000  -0.925149   0.287514  -0.637636 
     2240.0000  -0.945308   0.306857  -0.638451 
     2245.0000  -0.923519   0.284750  -0.638770 
     2250.0000  -0.934129   0.295325  -0.638804 
     2255.0000  -0.922347   0.284028  -0.638318 
     2260.0000  -0.926550   0.288655  -0.637895 
     2265.0000  -0.919080   0.282646  -0.636434 
     2270.0000  -0.921508   0.286351  -0.635157 
     2275.0000  -0.921386   0.287106  -0.634281 
     2280.0000  -0.934407   0.300795  -0.633612 
     2285.0000  -0.905489   0.272386  -0.633104 
     2290.0000  -0.915113   0.282094  -0.633019 
     2295.0000  -0.915593   0.282874  -0.632719 
     2300.0000  -0.902432   0.270331  -0.632102 
     2305.0000  -0.945151   0.313478  -0.631674 
     2310.0000  -0.882726   0.251107  -0.631618 
     2315.0000  -0.901655   0.269829  -0.631826 
     2320.0000  -0.897436   0.265770  -0.631665 
     2325.0000  -0.877594   0.245235  -0.632360 
     2330.0000  -0.925383   0.292987  -0.632396 
     2335.0000  -0.912696   0.280342  -0.632354 
     2340.0000  -0.906982   0.275388  -0.631594 
     2345.0000  -0.930792   0.299878  -0.630914 
     2350.0000  -0.907045   0.276267  -0.630778 
     2355.0000  -0.928874   0.298803  -0.630071 
     2360.0000  -0.907709   0.278883  -0.628826 
     2365.0000  -0.912346   0.285062  -0.627284 
     2370.0000  -0.903304   0.277671  -0.625633 
     2375.0000  -0.920709   0.295931  -0.624778 
     2380.0000  -0.929320   0.304785  -0.624535 
     2385.0000  -0.904362   0.279372  -0.624989 
     2390.0000  -0.904049   0.278841  -0.625208 
     2395.0000  -0.914380   0.289101  -0.625278 
     2400.0000  -0.930214   0.304976  -0.625238 
     2405.0000  -0.914925   0.290298  -0.624627 
     2410.0000  -0.919768   0.295615  -0.624153 
     2415.0000  -0.900139   0.276575  -0.623565 
     2420.0000  -0.956501   0.332603  -0.623898 
     2425.0000  -0.910959   0.287429  -0.623530 
     2430.0000  -0.897340   0.274546  -0.622794 
     2435.0000  -0.873112   0.251257  -0.621855 
     2440.0000  -0.904602   0.283180  -0.621422 
     2445.0000  -0.882620   0.261522  -0.621099 
     2450.0000  -0.901625   0.281409  -0.620216 
     2455.0000  -0.880017   0.258556  -0.621461 
     2460.0000  -0.904573   0.281611  -0.622962 
     2465.0000  -0.881717   0.258397  -0.623320 
     2470.0000  -0.870766   0.247315  -0.623451 
     2475.0000  -0.916081   0.292063  -0.624018 
     2480.0000  -0.908295   0.284282  -0.624012 
     2485.0000  -0.923335   0.298905  -0.624430 
     2490.0000  -0.909497   0.284777  -0.624721 
     2495.0000  -0.893759   0.269860  -0.623900 
     2500.0000  -0.907355   0.281705  -0.625651 
     2505.0000  -0.904051   0.279086  -0.624965 
     2510.0000  -0.915039   0.290242  -0.624797 
     2515.0000  -0.894185   0.269756  -0.624429 
     2520.0000  -0.910220   0.285514  -0.624706 
     2525.0000  -0.912107   0.287319  -0.624787 
     2530.0000  -0.928447   0.303107  -0.625340 
     2535.0000  -0.899531   0.274918  -0.624613 
     2540.0000  -0.893274   0.269374  -0.623900 
     2545.0000  -0.898802   0.274760  -0.624042 
     2550.0000  -0.898558   0.275350  -0.623208 
     2555.0000  -0.879334   0.255822  -0.623512 
     2560.0000  -0.894657   0.270150  -0.624507 
     2565.0000  -0.904368   0.281567  -0.622802 
     2570.0000  -0.904279   0.279853  -0.624427 
     2575.0000  -0.889872   0.265771  -0.624101 
     2580.0000  -0.909835   0.285118  -0.624716 
     2585.0000  -0.924432   0.299478  -0.624954 
     2590.0000  -0.924057   0.300271  -0.623786 
     2595.0000  -0.902046   0.279374  -0.622672 
     2600.0000  -0.895987   0.273713  -0.622275 
     2605.0000  -0.913699   0.290806  -0.622893 
     2610.0000  -0.924354   0.301546  -0.622808 
     2615.0000  -0.934019   0.312009  -0.622010 
     2620.0000  -0.895811   0.273278  -0.622533 
     2625.0000  -0.897541   0.276474  -0.621067 
     2630.0000  -0.893904   0.272205  -0.621699 
     2635.0000  -0.903446   0.282422  -0.621024 
     2640.0000  -0.870117   0.248369  -0.621748 
     2645.0000  -0.896579   0.275412  -0.621167 
     2650.0000  -0.908279   0.287947  -0.620332 
     2655.0000  -0.897950   0.278760  -0.619190 
     2660.0000  -0.940068   0.320396  -0.619672 
     2665.0000  -0.889414   0.271403  -0.618011 
     2670.0000  -0.905969   0.286255  -0.619714 
     2675.0000  -0.885213   0.266578  -0.618635 
     2680.0000  -0.895811   0.277303  -0.618508 
     2685.0000  -0.920571   0.302221  -0.618350 
     2690.0000  -0.935266   0.317224  -0.618042 
     2695.0000  -0.935904   0.317178  -0.618726 
     2700.0000  -0.932505   0.313069  -0.619436 
     2705.0000  -0.916856   0.299452  -0.617404 
     2710.0000  -0.904533   0.286188  -0.618345 
     2715.0000  -0.880019   0.261486  -0.618533 
     2720.0000  -0.893816   0.275584  -0.618233 
     2725.0000  -0.868971   0.251496  -0.617475 
     2730.0000  -0.922541   0.304407  -0.618134 
     2735.0000  -0.933563   0.316153  -0.617410 
     2740.0000  -0.928488   0.309663  -0.618825 
     2745.0000  -0.906204   0.288153  -0.618051 
     2750.0000  -0.922610   0.304179  -0.618431 
     2755.0000  -0.936779   0.318861  -0.617918 
     2760.0000  -0.933309   0.316819  -0.616490 
     2765.0000  -0.896201   0.280529  -0.615672 
     2770.0000  -0.888302   0.273519  -0.614783 
     2775.0000  -0.878799   0.263702  -0.615098 
     2780.0000  -0.932835   0.317677  -0.615158 
     2785.0000  -0.920285   0.305209  -0.615076 
     2790.0000  -0.912698   0.299418  -0.613279 
     2795.0000  -0.859052   0.246010  -0.613042 
     2800.0000  -0.893698   0.280543  -0.613155 
     2805.0000  -0.919590   0.306997  -0.612593 
     2810.0000  -0.884193   0.270658  -0.613535 
     2815.0000  -0.924157   0.309802  -0.614355 
     2820.0000  -0.923528   0.309600  -0.613928 
     2825.0000  -0.887866   0.275836  -0.612030 
     2830.0000  -0.910150   0.296213  -0.613937 
     2835.0000  -0.898450   0.286103  -0.612347 
     2840.0000  -0.920281   0.306956  -0.613325 
     2845.0000  -0.910924   0.298518  -0.612406 
     2850.0000  -0.899663   0.288954  -0.610709 
     2855.0000  -0.903653   0.292894  -0.610759 
     2860.0000  -0.890345   0.278874  -0.611471 
     2865.0000  -0.891397   0.281003  -0.610394 
     2870.0000  -0.896918   0.287091  -0.609828 
     2875.0000  -0.899091   0.289751  -0.609340 
     2880.0000  -0.919351   0.309195  -0.610156 
     2885.0000  -0.880944   0.271056  -0.609889 
     2890.0000  -0.909516   0.299590  -0.609927 
     2895.0000  -0.913121   0.301972  -0.611149 
     2900.0000  -0.908019   0.297411  -0.610608 
     2905.0000  -0.900417   0.290115  -0.610302 
     2910.0000  -0.892766   0.282598  -0.610168 
     2915.0000  -0.898701   0.288073  -0.610628 
     2920.0000  -0.898241   0.286991  -0.611250 
     2925.0000  -0.875162   0.263892  -0.611269 
     2930.0000  -0.886745   0.275087  -0.611658 
     2935.0000  -0.889331   0.277597  -0.611734 
     2940.0000  -0.877443   0.266650  -0.610793 
     2945.0000  -0.873771   0.263142  -0.610629 
     2950.0000  -0.901836   0.290185  -0.611652 
     2955.0000  -0.896026   0.283749  -0.612277 
     2960.0000  -0.889267   0.277495  -0.611772 
     2965.0000  -0.884228   0.272250  -0.611978 
     2970.0000  -0.918448   0.306327  -0.612121 
     2975.0000  -0.940825   0.329215  -0.611610 
     2980.0000  -0.897727   0.285798  -0.611929 
     2985.0000  -0.898915   0.286982  -0.611934 
     2990.0000  -0.871359   0.260052  -0.611307 
     2995.0000  -0.893922   0.282055  -0.611868 
     3000.0000  -0.878757   0.266284  -0.612473 
     3005.0000  -0.877677   0.264564  -0.613113 
     3010.0000  -0.887778   0.274995  -0.612783 
     3015.0000  -0.869717   0.256402  -0.613315 
     3020.0000  -0.898424   0.283691  -0.614733 
     3025.0000  -0.901163   0.287075  -0.614088 
     3030.0000  -0.896264   0.281254  -0.615010 
     3035.0000  -0.884108   0.269231  -0.614877 
     3040.0000  -0.913036   0.298036  -0.615000 
     3045.0000  -0.941981   0.327261  -0.614720 
     3050.0000  -0.909327   0.295761  -0.613566 
     3055.0000  -0.902402   0.289833  -0.612568 
     3060.0000  -0.884670   0.271608  -0.613062 
     3065.0000  -0.899523   0.286537  -0.612986 
     3070.0000  -0.918483   0.305656  -0.612827 
     3075.0000  -0.874457   0.261861  -0.612596 
     3080.0000  -0.908938   0.295613  -0.613325 
     3085.0000  -0.891819   0.278697  -0.613122 
     3090.0000  -0.880035   0.266543  -0.613492 
     3095.0000  -0.922313   0.307395  -0.614917 
     3100.0000  -0.895775   0.280587  -0.615188 
     3105.0000  -0.900477   0.285772  -0.614705 
     3110.0000  -0.935619   0.319511  -0.616107 
     3115.0000  -0.900099   0.283289  -0.616811 
     3120.0000  -0.888843   0.272536  -0.616307 
     3125.0000  -0.892627   0.276465  -0.616161 
     3130.0000  -0.894423   0.277968  -0.616455 
     3135.0000  -0.876080   0.261658  -0.614422 
     3140.0000  -0.914631   0.299999  -0.614632 
     3145.0000  -0.894345   0.279296  -0.615049 
     3150.0000  -0.911716   0.295915  -0.615802 
     3155.0000  -0.922491   0.307767  -0.614725 
     3160.0000  -0.930027   0.315577  -0.614450 
     3165.0000  -0.887435   0.273045  -0.614390 
     3170.0000  -0.932421   0.318516  -0.613905 
     3175.0000  -0.927333   0.314301  -0.613033 
     3180.0000  -0.890830   0.277686  -0.613144 
     3185.0000  -0.928894   0.316386  -0.612508 
     3190.0000  -0.952878   0.342078  -0.610800 
     3195.0000  -0.912590   0.301608  -0.610982 
     3200.0000  -0.917375   0.306225  -0.611150 
     3205.0000  -0.930696   0.319135  -0.611561 
     3210.0000  -0.902902   0.291984  -0.610918 
     3215.0000  -0.908462   0.298034  -0.610428 
     3220.0000  -0.890894   0.280803  -0.610092 
     3225.0000  -0.929919   0.320182  -0.609738 
     3230.0000  -0.895854   0.286496  -0.609358 
     3235.0000  -0.899145   0.289673  -0.609472 
     3240.0000  -0.898057   0.288705  -0.609352 
     3245.0000  -0.889199   0.279880  -0.609320 
     3250.0000  -0.873012   0.263735  -0.609276 
     3255.0000  -0.894794   0.285406  -0.609388 
     3260.0000  -0.905719   0.295521  -0.610198 
     3265.0000  -0.889831   0.279015  -0.610816 
     3270.0000  -0.908451   0.299341  -0.609110 
     3275.0000  -0.896910   0.286855  -0.610055 
     3280.0000  -0.910929   0.301882  -0.609046 
     3285.0000  -0.886291   0.276849  -0.609441 
     3290.0000  -0.924337   0.315618  -0.608719 
     3295.0000  -0.908942   0.298936  -0.610005 
     3300.0000  -0.895369   0.287295  -0.608074 
     3305.0000  -0.935797   0.326822  -0.608975 
     3310.0000  -0.921299   0.314144  -0.607155 
     3315.0000  -0.908754   0.301639  -0.607114 
     3320.0000  -0.893098   0.286882  -0.606215 
     3325.0000  -0.886873   0.279476  -0.607396 
     3330.0000  -0.896779   0.290323  -0.606456 
     3335.0000  -0.900487   0.295219  -0.605267 
     3340.0000  -0.887253   0.281642  -0.605611 
     3345.0000  -0.908723   0.302864  -0.605859 
     3350.0000  -0.883392   0.276229  -0.607163 
     3355.0000  -0.894209   0.286836  -0.607373 
     3360.0000  -0.884152   0.276861  -0.607291 
     3365.0000  -0.878397   0.270695  -0.607702 
     3370.0000  -0.917446   0.309978  -0.607468 
     3375.0000  -0.879634   0.271017  -0.608616 
     3380.0000  -0.910223   0.302094  -0.608129 
     3385.0000  -0.879902   0.272780  -0.607122 
     3390.0000  -0.905516   0.298557  -0.606958 
     3395.0000  -0.879077   0.272315  -0.606762 
     3400.0000  -0.901314   0.292855  -0.608459 
     3405.0000  -0.863179   0.253110  -0.610069 
     3410.0000  -0.871329   0.261633  -0.609696 
     3415.0000  -0.882831   0.272128  -0.610703 
     3420.0000  -0.883034   0.272673  -0.610361 
     3425.0000  -0.903890   0.293104  -0.610786 
     3430.0000  -0.892646   0.281416  -0.611230 
     3435.0000  -0.885796   0.274871  -0.610925 
     3440.0000  -0.900841   0.289971  -0.610870 
     3445.0000  -0.887125   0.275613  -0.611512 
     3450.0000  -0.884172   0.273306  -0.610866 
     3455.0000  -0.859640   0.247248  -0.612392 
     3460.0000  -0.871923   0.261094  -0.610829 
     3465.0000  -0.893055   0.282328  -0.610727 
     3470.0000  -0.884794   0.273518  -0.611276 
     3475.0000  -0.891906   0.280395  -0.611512 
     3480.0000  -0.873791   0.261847  -0.611944 
     3485.0000  -0.903576   0.291682  -0.611894 
     3490.0000  -0.898386   0.286643  -0.611743 
     3495.0000  -0.888125   0.277548  -0.610577 
     3500.0000  -0.885753   0.274360  -0.611392 
     3505.0000  -0.875753   0.265279  -0.610474 
     3510.0000  -0.888946   0.278843  -0.610103 
     3515.0000  -0.855076   0.245652  -0.609423 
     3520.0000  -0.882030   0.273075  -0.608955 
     3525.0000  -0.902423   0.293303  -0.609120 
     3530.0000  -0.897594   0.288724  -0.608869 
     3535.0000  -0.892000   0.283810  -0.608190 
     3540.0000  -0.894212   0.286617  -0.607596 
     3545.0000  -0.895160   0.288540  -0.606620 
     3550.0000  -0.876254   0.269315  -0.606940 
     3555.0000  -0.870041   0.263916  -0.606125 
     3560.0000  -0.892958   0.286548  -0.606410 
     3565.0000  -0.883522   0.277638  -0.605884 
     3570.0000  -0.869704   0.264557  -0.605147 
     3575.0000  -0.840205   0.235388  -0.604818 
     3580.0000  -0.869909   0.265701  -0.604208 
     3585.0000  -0.843526   0.238993  -0.604534 
     3590.0000  -0.838696   0.235371  -0.603325 
     3595.0000  -0.837424   0.234185  -0.603240 
     3600.0000  -0.864963   0.261622  -0.603341 
     3605.0000  -0.856280   0.253358  -0.602922 
     3610.0000  -0.865147   0.261841  -0.603306 
     3615.0000  -0.857632   0.253872  -0.603760 
     3620.0000  -0.853140   0.249722  -0.603418 
     3625.0000  -0.891833   0.288052  -0.603781 
     3630.0000  -0.891684   0.287531  -0.604153 
     3635.0000  -0.904435   0.299178  -0.605257 
     3640.0000  -0.883060   0.276439  -0.606621 
     3645.0000  -0.863382   0.256782  -0.606601 
     3650.0000  -0.867019   0.259651  -0.607368 
     3655.0000  -0.898558   0.291780  -0.606778 
     3660.0000  -0.852744   0.245438  -0.607305 
     3665.0000  -0.884749   0.278277  -0.606472 
     3670.0000  -0.889327   0.282838  -0.606489 
     3675.0000  -0.912184   0.304904  -0.607280 
     3680.0000  -0.918673   0.310690  -0.607983 
     3685.0000  -0.946265   0.339710  -0.606555 
     3690.0000  -0.903115   0.295987  -0.607128 
     3695.0000  -0.875154   0.267796  -0.607358 
     3700.0000  -0.877197   0.269656  -0.607541 
     3705.0000  -0.923583   0.316997  -0.606585 
     3710.0000  -0.921340   0.313931  -0.607410 
     3715.0000  -0.898852   0.292211  -0.606641 
     3720.0000  -0.909533   0.302292  -0.607242 
     3725.0000  -0.903894   0.297156  -0.606738 
     3730.0000  -0.890652   0.283874  -0.606779 
     3735.0000  -0.921318   0.315000  -0.606318 
     3740.0000  -0.904984   0.298718  -0.606266 
     3745.0000  -0.934067   0.329418  -0.604649 
     3750.0000  -0.907477   0.302441  -0.605037 
     3755.0000  -0.905306   0.301501  -0.603806 
     3760.0000  -0.922504   0.317963  -0.604541 
     3765.0000  -0.911041   0.306813  -0.604228 
     3770.0000  -0.881093   0.276709  -0.604384 
     3775.0000  -0.884780   0.282006  -0.602773 
     3780.0000  -0.900355   0.296061  -0.604295 
     3785.0000  -0.920819   0.316527  -0.604292 
     3790.0000  -0.867410   0.265283  -0.602127 
     3795.0000  -0.906443   0.305586  -0.600857 
     3800.0000  -0.874533   0.272375  -0.602157 
     3805.0000  -0.881493   0.280455  -0.601038 
     3810.0000  -0.900741   0.298273  -0.602468 
     3815.0000  -0.890865   0.288094  -0.602771 
     3820.0000  -0.914670   0.312140  -0.602531 
     3825.0000  -0.901553   0.299105  -0.602448 
     3830.0000  -0.894916   0.292770  -0.602146 
     3835.0000  -0.883103   0.280029  -0.603074 
     3840.0000  -0.886791   0.284099  -0.602691 
     3845.0000  -0.873022   0.272314  -0.600708 
     3850.0000  -0.900606   0.299850  -0.600756 
     3855.0000  -0.916086   0.314319  -0.601767 
     3860.0000  -0.873869   0.271867  -0.602001 
     3865.0000  -0.888796   0.286660  -0.602135 
     3870.0000  -0.883658   0.281867  -0.601792 
     3875.0000  -0.905928   0.305446  -0.600482 
     3880.0000  -0.903875   0.303950  -0.599924 
     3885.0000  -0.862107   0.263796  -0.598311 
     3890.0000  -0.873810   0.277489  -0.596320 
     3895.0000  -0.889080   0.293885  -0.595195 
     3900.0000  -0.852343   0.256872  -0.595472 
     3905.0000  -0.848031   0.252924  -0.595107 
     3910.0000  -0.841628   0.246641  -0.594987 
     3915.0000  -0.876603   0.282418  -0.594184 
     3920.0000  -0.857511   0.264113  -0.593398 
     3925.0000  -0.884926   0.290986  -0.593940 
     3930.0000  -0.871351   0.277739  -0.593612 
     3935.0000  -0.874420   0.280670  -0.593750 
     3940.0000  -0.855111   0.260586  -0.594525 
     3945.0000  -0.891468   0.296094  -0.595374 
     3950.0000  -0.890247   0.294358  -0.595889 
     3955.0000  -0.869892   0.274897  -0.594995 
     3960.0000  -0.869709   0.274871  -0.594837 
     3965.0000  -0.879445   0.282766  -0.596679 
     3970.0000  -0.906919   0.312102  -0.594817 
     3975.0000  -0.864221   0.270115  -0.594106 
     3980.0000  -0.898098   0.304150  -0.593948 
     3985.0000  -0.823183   0.230095  -0.593087 
     3990.0000  -0.920503   0.328764  -0.591739 
     3995.0000  -0.875021   0.282954  -0.592067 
     4000.0000  -0.888307   0.295221  -0.593086 
     4005.0000  -0.864058   0.271266  -0.592792 
     4010.0000  -0.851867   0.259293  -0.592574 
     4015.0000  -0.888347   0.295351  -0.592996 
     4020.0000  -0.881463   0.288459  -0.593004 
     4025.0000  -0.856947   0.264687  -0.592261 
     4030.0000  -0.903017   0.311364  -0.591653 
     4035.0000  -0.905311   0.313467  -0.591844 
     4040.0000  -0.866876   0.274128  -0.592747 
     4045.0000  -0.858324   0.266246  -0.592078 
     4050.0000  -0.849635   0.257931  -0.591703 
     4055.0000  -0.866950   0.275176  -0.591774 
     4060.0000  -0.857008   0.264338  -0.592670 
     4065.0000  -0.861765   0.270869  -0.590896 
     4070.0000  -0.844837   0.253891  -0.590946 
     4075.0000  -0.836368   0.245843  -0.590525 
     4080.0000  -0.904487   0.314703  -0.589784 
     4085.0000  -0.897260   0.306721  -0.590539 
     4090.0000  -0.860625   0.269918  -0.590707 
     4095.0000  -0.887001   0.297269  -0.589731 
     4100.0000  -0.864955   0.275396  -0.589558 
     4105.0000  -0.851192   0.263309  -0.587882 
     4110.0000  -0.864386   0.276363  -0.588023 
     4115.0000  -0.861563   0.274196  -0.587367 
     4120.0000  -0.864476   0.276828  -0.587648 
     4125.0000  -0.875925   0.288025  -0.587900 
     4130.0000  -0.834311   0.245688  -0.588623 
     4135.0000  -0.863844   0.274517  -0.589327 
     4140.0000  -0.843031   0.253659  -0.589372 
     4145.0000  -0.841208   0.251648  -0.589560 
     4150.0000  -0.839158   0.249710  -0.589448 
     4155.0000  -0.853594   0.263144  -0.590450 
     4160.0000  -0.840337   0.250629  -0.589708 
     4165.0000  -0.874745   0.285448  -0.589298 
     4170.0000  -0.874522   0.285146  -0.589375 
     4175.0000  -0.898990   0.311142  -0.587849 
     4180.0000  -0.851864   0.262656  -0.589208 
     4185.0000  -0.874398   0.284634  -0.589765 
     4190.0000  -0.852484   0.262460  -0.590024 
     4195.0000  -0.878413   0.289171  -0.589242 
     4200.0000  -0.873135   0.284251  -0.588885 
     4205.0000  -0.853728   0.265791  -0.587936 
     4210.0000  -0.893468   0.307193  -0.586275 
     4215.0000  -0.874810   0.289254  -0.585555 
     4220.0000  -0.865452   0.281056  -0.584396 
     4225.0000  -0.877465   0.293493  -0.583973 
     4230.0000  -0.879073   0.293569  -0.585504 
     4235.0000  -0.864090   0.278128  -0.585962 
     4240.0000  -0.860633   0.273345  -0.587289 
     4245.0000  -0.862914   0.276034  -0.586880 
     4250.0000  -0.862127   0.274237  -0.587890 
     4255.0000  -0.868388   0.281168  -0.587220 
     4260.0000  -0.870795   0.283023  -0.587772 
     4265.0000  -0.869561   0.281121  -0.588440 
     4270.0000  -0.880460   0.292666  -0.587794 
     4275.0000  -0.879179   0.290954  -0.588224 
     4280.0000  -0.871952   0.285515  -0.586437 
     4285.0000  -0.857038   0.272531  -0.584507 
     4290.0000  -0.866970   0.283069  -0.583901 
     4295.0000  -0.835297   0.251840  -0.583456 
     4300.0000  -0.858125   0.274050  -0.584075 
     4305.0000  -0.873640   0.289013  -0.584627 
     4310.0000  -0.865017   0.279384  -0.585633 
     4315.0000  -0.885111   0.298288  -0.586823 
     4320.0000  -0.869737   0.284834  -0.584903 
     4325.0000  -0.871183   0.286851  -0.584332 
     4330.0000  -0.877964   0.293875  -0.584088 
     4335.0000  -0.857051   0.274048  -0.583002 
     4340.0000  -0.882036   0.299356  -0.582680 
     4345.0000  -0.848939   0.267151  -0.581788 
     4350.0000  -0.878176   0.296606  -0.581570 
     4355.0000  -0.859210   0.277293  -0.581917 
     4360.0000  -0.850052   0.268877  -0.581176 
     4365.0000  -0.865224   0.284113  -0.581111 
     4370.0000  -0.852892   0.271706  -0.581186 
     4375.0000  -0.914192   0.332694  -0.581498 
     4380.0000  -0.883484   0.302125  -0.581359 
     4385.0000  -0.855117   0.273403  -0.581713 
     4390.0000  -0.867588   0.285363  -0.582224 
     4395.0000  -0.895532   0.313173  -0.582360 
     4400.0000  -0.863489   0.282328  -0.581161 
     4405.0000  -0.872788   0.291231  -0.581557 
     4410.0000  -0.879434   0.297668  -0.581766 
     4415.0000  -0.844275   0.263019  -0.581256 
     4420.0000  -0.829559   0.248960  -0.580600 
     4425.0000  -0.871490   0.291425  -0.580066 
     4430.0000  -0.859128   0.279341  -0.579787 
     4435.0000  -0.868844   0.289905  -0.578939 
     4440.0000  -0.866541   0.287843  -0.578697 
     4445.0000  -0.877026   0.299109  -0.577916 
     4450.0000  -0.849771   0.271997  -0.577774 
     4455.0000  -0.835359   0.258013  -0.577346 
     4460.0000  -0.853273   0.277020  -0.576254 
     4465.0000  -0.839452   0.264092  -0.575360 
     4470.0000  -0.864297   0.288348  -0.575948 
     4475.0000  -0.872280   0.296153  -0.576128 
     4480.0000  -0.892300   0.315134  -0.577165 
     4485.0000  -0.886691   0.308476  -0.578215 
     4490.0000  -0.909151   0.331464  -0.577688 
     4495.0000  -0.858010   0.281420  -0.576591 
     4500.0000  -0.861008   0.283025  -0.577983 
     4505.0000  -0.856480   0.278422  -0.578058 
     4510.0000  -0.824101   0.246722  -0.577379 
     4515.0000  -0.860893   0.282537  -0.578356 
     4520.0000  -0.891435   0.312526  -0.578909 
     4525.0000  -0.902982   0.324311  -0.578671 
     4530.0000  -0.878257   0.299984  -0.578273 
     4535.0000  -0.875357   0.296422  -0.578934 
     4540.0000  -0.839804   0.261948  -0.577856 
     4545.0000  -0.855273   0.276551  -0.578721 
     4550.0000  -0.855160   0.276263  -0.578896 
     4555.0000  -0.885607   0.307242  -0.578365 
     4560.0000  -0.869893   0.291558  -0.578335 
     4565.0000  -0.848391   0.271162  -0.577229 
     4570.0000  -0.870630   0.293170  -0.577460 
     4575.0000  -0.882219   0.304990  -0.577229 
     4580.0000  -0.869134   0.291875  -0.577259 
     4585.0000  -0.866769   0.289187  -0.577582 
     4590.0000  -0.845298   0.267994  -0.577303 
     4595.0000  -0.867438   0.291216  -0.576223 
     4600.0000  -0.842482   0.267068  -0.575413 
     4605.0000  -0.844997   0.268649  -0.576348 
     4610.0000  -0.859015   0.283865  -0.575150 
     4615.0000  -0.872235   0.297894  -0.574341 
     4620.0000  -0.854221   0.280444  -0.573776 
     4625.0000  -0.853220   0.277999  -0.575221 
     4630.0000  -0.841826   0.266122  -0.575704 
     4635.0000  -0.879767   0.304323  -0.575444 
     4640.0000  -0.845013   0.271002  -0.574011 
     4645.0000  -0.860768   0.288860  -0.571909 
     4650.0000  -0.866681   0.295699  -0.570982 
     4655.0000  -0.851882   0.280766  -0.571115 
     4660.0000  -0.859239   0.290300  -0.568939 
     4665.0000  -0.855508   0.285472  -0.570036 
     4670.0000  -0.861362   0.291076  -0.570286 
     4675.0000  -0.836273   0.268265  -0.568007 
     4680.0000  -0.849441   0.281283  -0.568158 
     4685.0000  -0.857228   0.289007  -0.568221 
     4690.0000  -0.829528   0.259827  -0.569701 
     4695.0000  -0.821749   0.252150  -0.569599 
     4700.0000  -0.859677   0.290778  -0.568899 
     4705.0000  -0.805989   0.237316  -0.568673 
     4710.0000  -0.837612   0.268447  -0.569165 
     4715.0000  -0.841421   0.272374  -0.569047 
     4720.0000  -0.816188   0.248334  -0.567854 
     4725.0000  -0.837324   0.268457  -0.568867 
     4730.0000  -0.844409   0.275593  -0.568816 
     4735.0000  -0.828653   0.260154  -0.568498 
     4740.0000  -0.839291   0.270982  -0.568309 
     4745.0000  -0.823799   0.256778  -0.567021 
     4750.0000  -0.848747   0.281274  -0.567473 
     4755.0000  -0.872058   0.305069  -0.566989 
     4760.0000  -0.828516   0.262197  -0.566319 
     4765.0000  -0.850050   0.284214  -0.565836 
     4770.0000  -0.834090   0.268853  -0.565237 
     4775.0000  -0.873013   0.308381  -0.564632 
     4780.0000  -0.852129   0.288344  -0.563785 
     4785.0000  -0.860907   0.296510  -0.564397 
     4790.0000  -0.849899   0.283386  -0.566513 
     4795.0000  -0.855121   0.288964  -0.566157 
     4800.0000  -0.871094   0.304914  -0.566180 
     4805.0000  -0.861849   0.296253  -0.565595 
     4810.0000  -0.878801   0.312999  -0.565802 
     4815.0000  -0.839883   0.273635  -0.566248 
     4820.0000  -0.868823   0.302680  -0.566143 
     4825.0000  -0.838316   0.271560  -0.566756 
     4830.0000  -0.860346   0.295227  -0.565118 
     4835.0000  -0.874793   0.309522  -0.565271 
     4840.0000  -0.873952   0.307963  -0.565989 
     4845.0000  -0.850232   0.283912  -0.566320 
     4850.0000  -0.885424   0.318787  -0.566637 
     4855.0000  -0.858892   0.292258  -0.566634 
     4860.0000  -0.846188   0.280022  -0.566166 
     4865.0000  -0.863763   0.296925  -0.566838 
     4870.0000  -0.821585   0.254234  -0.567351 
     4875.0000  -0.843401   0.276367  -0.567033 
     4880.0000  -0.836877   0.269284  -0.567593 
     4885.0000  -0.817986   0.250813  -0.567173 
     4890.0000  -0.846623   0.279384  -0.567239 
     4895.0000  -0.832502   0.264776  -0.567727 
     4900.0000  -0.822543   0.254918  -0.567625 
     4905.0000  -0.848690   0.280952  -0.567738 
     4910.0000  -0.816825   0.249518  -0.567307 
     4915.0000  -0.843957   0.276458  -0.567499 
     4920.0000  -0.830112   0.263362  -0.566750 
     4925.0000  -0.828780   0.261434  -0.567346 
     4930.0000  -0.837804   0.271685  -0.566119 
     4935.0000  -0.823173   0.256505  -0.566668 
     4940.0000  -0.844490   0.277938  -0.566551 
     4945.0000  -0.831228   0.264130  -0.567098 
     4950.0000  -0.823955   0.257082  -0.566873 
     4955.0000  -0.829003   0.263469  -0.565534 
     4960.0000  -0.813747   0.249244  -0.564503 
     4965.0000  -0.832821   0.269042  -0.563779 
     4970.0000  -0.823473   0.261561  -0.561912 
     4975.0000  -0.831050   0.269462  -0.561588 
     4980.0000  -0.832051   0.271431  -0.560620 
     4985.0000  -0.839026   0.278001  -0.561025 
     4990.0000  -0.846191   0.284918  -0.561273 
     4995.0000  -0.840631   0.279399  -0.561233 
     5000.0000  -0.843346   0.281377  -0.561968 
