t = 0
b =  30.0 30.0 30.0
E = 0. 0. 0.
25.6645803305 6.73491569082 9.63322310809 -0.794606393936 0.413477390089 0.444563973575 0.556131226577 0.789454345565 0.259768926344 0.0 0.0 0.0 0.0 0.0 0.0
25.7050862144 7.24934643949 9.48353883934 -0.500850709224 0.0689261085044 0.862784885494 0.556131226577 0.789454345565 0.259768926344 0.0 0.0 0.0 0.0 0.0 0.0
25.6314231633 7.77948889677 9.53052641239 -0.0168134662998 -0.301811354084 0.953219394419 0.556131226577 0.789454345565 0.259768926344 0.0 0.0 0.0 0.0 0.0 0.0
25.5539274821 8.24083344638 9.79480037639 0.473611493578 -0.557885637239 0.681509918427 0.556131226577 0.789454345565 0.259768926344 0.0 0.0 0.0 0.0 0.0 0.0
25.5843915557 8.57500794744 10.2144245477 0.784103528683 -0.602009839457 0.150883430185 0.556131226577 0.789454345565 0.259768926344 0.0 0.0 0.0 0.0 0.0 0.0
25.7935920534 8.77195428664 10.6684426018 0.79670152373 -0.417420438597 -0.43706619582 0.556131226577 0.789454345565 0.259768926344 0.0 0.0 0.0 0.0 0.0 0.0
26.1844006885 8.87374962374 11.0228314027 0.506619289773 -0.0742460342165 -0.858967066676 0.556131226577 0.789454345565 0.259768926344 0.0 0.0 0.0 0.0 0.0 0.0
26.6906932066 8.958620575 11.1814186337 0.0240639174079 0.29713567989 -0.954531987738 0.556131226577 0.789454345565 0.259768926344 0.0 0.0 0.0 0.0 0.0 0.0
27.2024710954 9.11122361384 11.1224202681 -0.467633739507 0.555630581363 -0.687454247735 0.556131226577 0.789454345565 0.259768926344 0.0 0.0 0.0 0.0 0.0 0.0
27.6076518586 9.39048266118 10.9067166851 -0.781669520364 0.603032135328 -0.159201145395 0.556131226577 0.789454345565 0.259768926344 0.0 0.0 0.0 0.0 0.0 0.0
27.8346510301 9.80720290275 10.654723196 -0.798735981618 0.421331698922 0.429535133781 0.556131226577 0.789454345565 0.259768926344 0.0 0.0 0.0 0.0 0.0 0.0
27.8795783094 10.3199657183 10.5006422542 -0.512349289301 0.0795603058057 0.85508383419 0.556131226577 0.789454345565 0.259768926344 0.0 0.0 0.0 0.0 0.0 0.0
27.8077155521 10.8508643081 10.5414776993 -0.0313125359554 -0.292437377664 0.95577188975 0.556131226577 0.789454345565 0.259768926344 0.0 0.0 0.0 0.0 0.0 0.0
27.7287151012 11.3151017885 10.8001813767 0.461620373317 -0.553333212067 0.693346224741 0.556131226577 0.789454345565 0.259768926344 0.0 0.0 0.0 0.0 0.0 0.0
27.754941029 11.6532069458 11.2169333478 0.779175984886 -0.604008507967 0.167506736822 0.556131226577 0.789454345565 0.259768926344 0.0 0.0 0.0 0.0 0.0 0.0
27.958780147 11.8536283446 11.6718684849 0.800709612668 -0.425210873208 -0.421971360979 0.556131226577 0.789454345565 0.259768926344 0.0 0.0 0.0 0.0 0.0 0.0
28.3451410464 11.9571229116 12.030615237 0.518040271447 -0.0848685185695 -0.85113548376 0.556131226577 0.789454345565 0.259768926344 0.0 0.0 0.0 0.0 0.0 0.0
28.849589242 12.041271697 12.1953456288 0.0385587699321 0.287716805199 -0.956939006033 0.556131226577 0.789454345565 0.259768926344 0.0 0.0 0.0 0.0 0.0 0.0
29.3628269105 12.1910055373 12.141941744 -0.455571852949 0.550993704304 -0.699185400748 0.556131226577 0.789454345565 0.259768926344 0.0 0.0 0.0 0.0 0.0 0.0
29.7722169607 12.4663384098 11.9291585251 -0.776623112139 0.60493888302 -0.175799571962 0.556131226577 0.789454345565 0.259768926344 0.0 0.0 0.0 0.0 0.0 0.0
30.004575748 12.8795671197 11.6763017883 -0.802622266582 0.429057666039 0.414375453425 0.556131226577 0.789454345565 0.259768926344 0.0 0.0 0.0 0.0 0.0 0.0
30.0539767645 13.3905995381 11.5179019491 -0.523691802821 0.0901702682671 0.847122316067 0.556131226577 0.789454345565 0.259768926344 0.0 0.0 0.0 0.0 0.0 0.0
29.984002218 13.922186272 11.5526036685 -0.0458020675092 -0.282974321986 0.958033247705 0.556131226577 0.789454345565 0.259768926344 0.0 0.0 0.0 0.0 0.0 0.0
29.9035870888 14.3892690002 11.8056890969 0.449488639019 -0.548612236238 0.704971331079 0.556131226577 0.789454345565 0.259768926344 0.0 0.0 0.0 0.0 0.0 0.0
29.925632909 14.731295552 12.2194727624 0.774011096535 -0.605823189635 0.184079019283 0.556131226577 0.789454345565 0.259768926344 0.0 0.0 0.0 0.0 0.0 0.0
30.124114583 14.9352246886 12.6752172461 0.804473797702 -0.432871784467 -0.406747989575 0.556131226577 0.789454345565 0.259768926344 0.0 0.0 0.0 0.0 0.0 0.0
30.5059760845 15.0404806884 13.0382435128 0.529303453037 -0.0954651511497 -0.84304463673 0.556131226577 0.789454345565 0.259768926344 0.0 0.0 0.0 0.0 0.0 0.0
31.0084923247 15.1239754039 13.2090977281 0.0530418770815 0.278210289182 -0.959054531437 0.556131226577 0.789454345565 0.259768926344 0.0 0.0 0.0 0.0 0.0 0.0
31.5230994625 15.2708881636 13.1613354327 -0.44337119479 0.546188989225 -0.710703575114 0.556131226577 0.789454345565 0.259768926344 0.0 0.0 0.0 0.0 0.0 0.0
31.9366401226 15.5423047205 12.951568235 -0.77134013699 0.606661360469 -0.192344448275 0.556131226577 0.789454345565 0.259768926344 0.0 0.0 0.0 0.0 0.0 0.0
32.1743537741 15.9520097537 12.6979561142 -0.806264065028 0.436652938034 0.399089550291 0.556131226577 0.789454345565 0.259768926344 0.0 0.0 0.0 0.0 0.0 0.0
32.2282795066 16.4612498379 12.5353164691 -0.534874794745 0.100752763991 0.83890275628 0.556131226577 0.789454345565 0.259768926344 0.0 0.0 0.0 0.0 0.0 0.0
32.1602805128 16.9934565177 12.5639047336 -0.0602776473095 -0.273425069588 0.960002779452 0.556131226577 0.789454345565 0.259768926344 0.0 0.0 0.0 0.0 0.0 0.0
32.0785412275 17.4633359444 12.8113256618 0.437219986128 -0.543724147807 0.71638169632 0.556131226577 0.789454345565 0.259768926344 0.0 0.0 0.0 0.0 0.0 0.0
32.0964662517 17.8092734345 13.2220458203 0.768610436907 -0.607453331691 0.200595229492 0.556131226577 0.789454345565 0.259768926344 0.0 0.0 0.0 0.0 0.0 0.0
32.2895960492 18.0167419184 13.6784916677 0.807992932224 -0.440400838788 -0.391400718793 0.556131226577 0.789454345565 0.259768926344 0.0 0.0 0.0 0.0 0.0 0.0
32.666907861 18.1238210174 14.0457177089 0.540405403667 -0.10603270412 -0.834696990137 0.556131226577 0.789454345565 0.259768926344 0.0 0.0 0.0 0.0 0.0 0.0
33.1674051017 18.206729958 14.222674545 0.0675088271613 0.268619027616 -0.960877919539 0.556131226577 0.789454345565 0.259768926344 0.0 0.0 0.0 0.0 0.0 0.0
33.6832909815 18.3508706145 14.180599229 -0.431035481471 0.541217899689 -0.722005262286 0.556131226577 0.789454345565 0.259768926344 0.0 0.0 0.0 0.0 0.0 0.0
34.1009223098 18.6183819083 13.9739427908 -0.765822204163 0.60819904299 -0.208830734607 0.556131226577 0.789454345565 0.259768926344 0.0 0.0 0.0 0.0 0.0 0.0
9.57333325474 15.266627183 23.6888321616 0.629064891125 0.768431367161 -0.117433371392 0.0777375807672 0.0881246511863 0.993071454826 0.0 0.0 0.0 0.0 0.0 0.0
9.94745009834 15.165558751 24.0609972614 0.056035520852 0.994124946558 -0.0926045950996 0.0777375807672 0.0881246511863 0.993071454826 0.0 0.0 0.0 0.0 0.0 0.0
10.3343402407 15.2911011319 24.4120531408 -0.538282680656 0.842133837875 -0.0325937848626 0.0777375807672 0.0881246511863 0.993071454826 0.0 0.0 0.0 0.0 0.0 0.0
10.598528829 15.6086079476 24.755679266 -0.928098292177 0.370202004456 0.0397999491827 0.0777375807672 0.0881246511863 0.993071454826 0.0 0.0 0.0 0.0 0.0 0.0
10.6511573825 16.0105023219 25.1083777908 -0.965313845524 -0.242375759903 0.0970730171139 0.0777375807672 0.0881246511863 0.993071454826 0.0 0.0 0.0 0.0 0.0 0.0
10.4837426144 16.357147134 25.483204113 -0.635790529769 -0.762870920769 0.117466422869 0.0777375807672 0.0881246511863 0.993071454826 0.0 0.0 0.0 0.0 0.0 0.0
10.1713993751 16.5298954958 25.8848069099 -0.0647197619042 -0.993538664312 0.0932323706425 0.0777375807672 0.0881246511863 0.993071454826 0.0 0.0 0.0 0.0 0.0 0.0
9.84430326409 16.4761666878 26.3076620286 0.530939125565 -0.846744458203 0.0335777820468 0.0777375807672 0.0881246511863 0.993071454826 0.0 0.0 0.0 0.0 0.0 0.0
9.63823474342 16.2294224539 26.7381712038 0.924885362403 -0.37825787561 -0.0388335673392 0.0777375807672 0.0881246511863 0.993071454826 0.0 0.0 0.0 0.0 0.0 0.0
9.64299387021 15.8964543254 27.1598282661 0.967452186805 0.233935198062 -0.0964913952303 0.0777375807672 0.0881246511863 0.993071454826 0.0 0.0 0.0 0.0 0.0 0.0
9.86828375342 15.6168117326 27.5594901119 0.642467750503 0.757252378802 -0.117490528823 0.0777375807672 0.0881246511863 0.993071454826 0.0 0.0 0.0 0.0 0.0 0.0
10.2400241806 15.5097848434 27.9323699879 0.073399074296 0.99287672025 -0.0938530461795 0.0777375807672 0.0881246511863 0.993071454826 0.0 0.0 0.0 0.0 0.0 0.0
10.628495929 15.6290842338 28.283856059 -0.523555137403 0.851290595662 -0.0345592221528 0.0777375807672 0.0881246511863 0.993071454826 0.0 0.0 0.0 0.0 0.0 0.0
10.8976232674 15.9424353422 28.6274643544 -0.921601999027 0.386284940963 0.0378642281691 0.0777375807672 0.0881246511863 0.993071454826 0.0 0.0 0.0 0.0 0.0 0.0
10.9566714012 16.3438401152 28.9797038018 -0.969516852857 -0.225476821149 0.0959024251535 0.0777375807672 0.0881246511863 0.993071454826 0.0 0.0 0.0 0.0 0.0 0.0
