t = 1000000
b = 30 30 30
E = -0.561968445777893 -0.843345820903778 0.281377404928207
-13.6793746948242 -312.086273193359 195.752990722656 -0.092900738120079 -0.438018828630447 -0.894152641296387 0.13882951438427 0.883565425872803 -0.447256594896317 -0.473978012800217 0.0268117822706699 -0.187959179282188 -0.293404936790466 0.134721145033836 0.140667229890823
-13.645902633667 -311.403900146484 195.358474731445 -0.845089793205261 0.023894876241684 -0.534090042114258 -0.246415376663208 0.869149208068848 0.42878782749176 -0.157455295324326 0.0630432888865471 0.412099838256836 0.33634477853775 -0.289695084095001 -0.0636075809597969
-13.7175140380859 -310.998107910156 195.260986328125 -0.900168895721436 -0.21414703130722 0.379258424043655 0.0488562770187855 0.815632104873657 0.576504290103912 0.142572656273842 -0.296052664518356 0.103065453469753 0.133176013827324 -0.100546665489674 0.359150797128677
-13.9810447692871 -310.591491699219 195.287384033203 -0.119603537023067 -0.517865657806396 0.847059726715088 0.0964682623744011 0.84308522939682 0.529056906700134 -0.683666050434113 0.257494002580643 -0.310339003801346 0.129664853215218 0.0687218904495239 0.0185922589153051
-14.2359313964844 -310.352752685547 195.563171386719 0.885447859764099 -0.229696393013 0.404006630182266 0.0979838743805885 0.942047894001007 0.320849746465683 0.453789919614792 -0.0758972242474556 -0.139201045036316 0.240709945559502 -0.26107394695282 0.289873868227005
-14.1035060882568 -310.002319335938 195.898773193359 0.956041693687439 -0.221777677536011 -0.191829741001129 0.266939610242844 0.928992867469788 0.256349861621857 0.021594449877739 -0.646205604076385 -0.3439961373806 -0.470660656690598 -0.347347676753998 0.149944335222244
-13.8653755187988 -309.677917480469 196.154266357422 0.441441059112549 -0.0530500039458275 -0.895720601081848 0.370643019676208 0.919887185096741 0.128183975815773 -0.155435055494308 0.39003911614418 0.348307609558105 -0.0184542555361986 0.305748015642166 -0.745854318141937
-13.6782264709473 -309.964019775391 196.692596435547 0.128596842288971 0.0805963128805161 -0.988416314125061 -0.224933758378029 0.973086059093475 0.0500815026462078 -0.0229745879769325 0.384204149246216 0.0314011685550213 -0.0961543172597885 -0.218105807900429 -0.233835145831108
-14.2940511703491 -310.318725585938 197.504241943359 -0.825079500675201 0.196364864706993 -0.529796838760376 0.373727053403854 -0.513577163219452 -0.772377252578735 -0.222787335515022 0.049296148121357 0.594285070896149 -0.399641484022141 -0.0161679461598396 -0.0066033648326993
-14.390549659729 -310.650390625 197.230438232422 -0.226477012038231 0.70200788974762 -0.675198435783386 0.393413841724396 -0.568218350410461 -0.722740113735199 0.362595289945602 -0.129632011055946 -0.127950012683868 -0.134708032011986 -0.446586042642593 0.0315503031015396
-14.5637168884277 -310.968994140625 196.805267333984 0.435191839933395 0.791838049888611 -0.428486168384552 0.497307598590851 -0.60814106464386 -0.618748307228088 0.454618901014328 0.389953643083572 0.0418797917664051 -0.232103884220123 -0.0668190196156502 -0.0216676834970713
-15.1053514480591 -312.209442138672 197.486343383789 -0.116921402513981 -0.370617717504501 0.921396732330322 0.367298692464828 0.845842480659485 0.386835932731628 0.263895004987717 -0.26847118139267 -0.215682297945023 0.233989402651787 0.096404030919075 -0.263795167207718
-15.2111663818359 -311.877685546875 197.782577514648 0.762003183364868 -0.471507132053375 0.443882972002029 0.234743028879166 0.839956998825073 0.489252358675003 0.370865553617477 0.152298390865326 0.251822113990784 0.211806982755661 -0.0116898026317358 -0.0523838847875595
-16.0784683227539 -312.340393066406 198.351348876953 -0.177320539951324 -0.529056906700134 0.829853177070618 -0.690934479236603 0.667391359806061 0.277845710515976 -0.153572261333466 0.473300129175186 0.129533618688583 -0.272136569023132 -0.440540432929993 -0.123663820326328
-16.5686473846436 -312.285217285156 198.494735717773 0.458506464958191 0.062096431851387 0.886518955230713 -0.761290311813354 0.542094647884369 0.355767279863358 -0.175950527191162 -0.194625690579414 -0.484812676906586 -0.137695789337158 0.265408158302307 -0.665235757827759
-17.6547145843506 -312.815307617188 198.380828857422 -0.746594607830048 -0.607070565223694 -0.272142738103867 -0.515956282615662 0.270120859146118 0.812910616397858 0.188505277037621 0.548548102378845 -0.2001993060112 0.0883335471153259 -0.141296818852425 -0.106671303510666
-18.0845260620117 -312.548858642578 198.424423217773 -0.146223187446594 -0.908355236053467 0.391802906990051 -0.618040025234222 0.393135011196136 0.680787324905396 -0.483058661222458 0.29996046423912 -0.00344214169308543 -0.0899579152464867 -0.376880466938019 -0.429810583591461
-18.5286979675293 -312.572204589844 198.631851196289 0.575140297412872 -0.467260390520096 0.671477079391479 -0.572421848773956 0.356525778770447 0.738391935825348 0.132075026631355 -0.18333175778389 -0.0679585114121437 0.364142239093781 0.163996905088425 -0.278257429599762
-18.8640727996826 -312.745086669922 198.941452026367 0.726587176322937 0.258603870868683 0.636549353599548 -0.686888039112091 0.251833409070969 0.681736588478088 0.27568307518959 0.203202053904533 0.250447750091553 -0.192904233932495 -0.235119134187698 -0.196600824594498
-18.9412994384766 -312.703369140625 199.381958007812 0.341162890195847 0.939624965190887 -0.0266954675316811 -0.758784890174866 0.292043447494507 0.582199275493622 -0.414964437484741 -0.135560721158981 0.184244811534882 -0.0444060675799847 -0.0996946766972542 0.444116234779358
-19.0526542663574 -312.535217285156 199.81477355957 -0.420088320970535 0.640243172645569 -0.643128573894501 -0.841810643672943 -0.0102365911006927 0.539675772190094 -0.548802077770233 -0.406479597091675 0.142096906900406 0.210379764437675 0.0388187393546104 0.578661262989044
-19.2924633026123 -312.173767089844 200.103607177734 -0.657502293586731 -0.118143267929554 -0.744132280349731 -0.75094074010849 0.183330088853836 0.634411513805389 0.216534420847893 0.0288106184452772 0.241640940308571 -0.174011945724487 0.37140291929245 0.184420973062515
-19.6551113128662 -311.854187011719 200.223892211914 -0.416270911693573 -0.828730225563049 -0.374065011739731 -0.733011603355408 0.0624585598707199 0.677342534065247 -0.273224681615829 -0.646498918533325 0.119702808558941 0.339211612939835 -0.189281657338142 -0.432401299476624
-20.0981636047363 -311.807922363281 200.155349731445 0.0149643123149872 -0.80659806728363 0.590910792350769 -0.855695605278015 0.295394003391266 0.42488506436348 -0.0174695644527674 -0.695712149143219 -0.0383516885340214 0.442428320646286 0.305634081363678 -0.125602662563324
-20.5552158355713 -312.017059326172 200.30256652832 0.344689041376114 0.0997446328401566 0.93340265750885 -0.916661202907562 0.250042021274567 0.311786979436874 -0.447218000888824 -0.416317224502563 0.329324245452881 -0.0588905811309814 0.305097490549088 0.053207878023386
-20.818151473999 -312.205993652344 200.658569335938 0.16946642100811 0.912434279918671 0.372484356164932 -0.895805776119232 -0.0149559080600739 0.444193869829178 -0.600514352321625 0.62743616104126 0.045929316431284 -0.253066629171371 -0.469546496868134 -0.25877246260643
-21.1108989715576 -312.228637695312 201.077407836914 -0.217384904623032 0.7761549949646 -0.591884434223175 -0.969558835029602 -0.101693026721478 0.222742587327957 0.0829592496156693 -0.292617589235306 0.0388783365488052 0.384213477373123 0.116142742335796 0.246796011924744
-21.9674167633057 -311.846649169922 201.552001953125 -0.912099838256836 0.390165567398071 0.125875294208527 0.15363572537899 0.6099613904953 -0.777395009994507 0.128612548112869 0.40864771604538 0.175391346216202 0.507444977760315 -0.145648092031479 -0.0653143897652626
-22.0838947296143 -311.714141845703 201.086990356445 -0.226817354559898 0.78851729631424 0.57165914773941 0.101501606404781 0.602898597717285 -0.791334688663483 0.0119884945452213 -0.165989011526108 -0.23641037940979 -0.806088030338287 -0.976873755455017 -0.337664872407913
-22.3518867492676 -311.352996826172 200.771179199219 0.39020112156868 0.757064282894135 0.524019598960876 -0.0888934805989265 0.597452461719513 -0.796961903572083 0.566087782382965 -0.184871912002563 -0.0401122681796551 0.163578152656555 0.0675686076283455 0.273845583200455
-22.5298652648926 -310.930755615234 200.681335449219 0.896050274372101 0.442155539989471 -0.0399035699665546 -0.349477529525757 0.647081077098846 -0.677607119083405 0.13858787715435 0.0758992210030556 -0.158342957496643 -0.261551529169083 -0.0949889421463013 -0.13403956592083
-22.6153411865234 -310.463653564453 200.68196105957 0.574870705604553 -0.114959523081779 -0.810128390789032 -0.559161484241486 0.667639911174774 -0.491523504257202 -0.311994820833206 0.16562394797802 0.209925651550293 0.167830273509026 0.312071293592453 0.163437038660049
-22.7810726165771 -310.270263671875 200.22900390625 0.500376462936401 -0.698851108551025 -0.51110714673996 -0.766700148582458 -0.631907105445862 0.113421067595482 0.060934666544199 0.245340004563332 0.316319823265076 -0.121791042387486 -0.06025081127882 -0.349609464406967
-23.1532573699951 -310.604919433594 200.023544311523 0.72309398651123 -0.666086494922638 0.182930842041969 -0.690663874149323 -0.69301849603653 0.206660732626915 -0.268195390701294 -0.410665094852448 -0.0911369323730469 -0.0324280820786953 -0.660277247428894 0.0582738295197487
-23.4023628234863 -311.0009765625 199.761260986328 0.460829436779022 -0.307195663452148 0.832626521587372 -0.748008131980896 -0.63934326171875 0.178111836314201 -0.273444175720215 -0.633289575576782 -0.0293671786785126 -0.0758426189422607 0.402691513299942 -0.0213673003017902
-23.4265193939209 -311.45361328125 199.801162719727 -0.375211328268051 0.429647207260132 0.821352303028107 -0.77220356464386 -0.635042011737823 -0.0205702688544989 -0.0562016330659389 0.0983263775706291 -0.50924164056778 -0.431989759206772 0.0153130739927292 0.24281544983387
-23.7256717681885 -311.841400146484 199.904357910156 -0.421418100595474 0.869795083999634 0.256638139486313 -0.900029420852661 -0.435828238725662 -0.000808199518360198 0.359346330165863 -0.308285236358643 0.163275718688965 -0.209813594818115 -0.126945406198502 0.41793504357338
-24.073184967041 -312.098083496094 200.141998291016 -0.248119175434113 0.826788544654846 -0.504834175109863 -0.928805112838745 -0.35110330581665 -0.118521735072136 -0.649609625339508 0.392582386732101 -0.270954161882401 0.0521649941802025 0.237833708524704 -0.14171975851059
-24.5698356628418 -312.967681884766 200.451782226562 -0.199877500534058 -0.0376654863357544 0.979096591472626 -0.225142583250999 0.974288821220398 -0.00848115421831608 -0.443243205547333 -0.32244947552681 0.37742355465889 0.382473319768906 -0.387807905673981 0.227421313524246
-24.9318370819092 -312.68896484375 200.550674438477 0.629491627216339 0.285209715366364 0.722769439220428 -0.454868078231812 0.889411151409149 0.0451969802379608 -0.258629143238068 -0.48521563410759 0.395338356494904 -0.243238359689713 0.78152996301651 -0.239389017224312
327.052307128906 297.828247070312 27.8011150360107 0.0563247427344322 -0.914530515670776 -0.400576114654541 0.425276607275009 -0.341019600629807 0.838358700275421 0.422649502754211 0.357646852731705 0.191594541072845 0.252919763326645 -0.08955118060112 0.00561121990904212
327.358642578125 298.93603515625 28.5190105438232 0.649953901767731 0.741375148296356 -0.167101070284843 -0.491082787513733 0.241905197501183 -0.836850941181183 0.385936319828033 0.154384061694145 0.0376629009842873 0.185853540897369 0.301779448986053 -0.13521346449852
327.028594970703 299.309448242188 28.25563621521 0.940627872943878 0.138505131006241 -0.309895575046539 -0.339102238416672 0.342768162488937 -0.876081883907318 0.372674703598022 -0.147168189287186 -0.111993961036205 0.128755405545235 -0.84271502494812 0.279834747314453
326.950286865234 299.662872314453 27.923942565918 0.691923558712006 -0.629387259483337 -0.353713691234589 -0.32575049996376 0.165065184235573 -0.930935084819794 0.237937867641449 0.186714768409729 -0.0126824714243412 -0.18394136428833 -0.239826381206512 -0.264371782541275
326.572174072266 300.506103515625 28.8908176422119 0.315317213535309 0.675159573554993 0.666884183883667 0.680856943130493 -0.65047550201416 0.336623460054398 0.362740516662598 0.183371171355247 -0.156050965189934 -0.178807213902473 -0.264555543661118 0.26227268576622
327.027770996094 300.349395751953 28.9352149963379 -0.291721284389496 0.209012761712074 0.933387577533722 0.647799849510193 -0.674791812896729 0.353569269180298 0.304557114839554 -0.342171609401703 0.175760880112648 -0.221483126282692 -0.498495578765869 -0.359509229660034
327.460052490234 300.175628662109 29.3247947692871 -0.754467070102692 -0.288028657436371 0.5897616147995 0.583468496799469 -0.705833673477173 0.401700228452682 -0.0839411839842796 -0.180976390838623 0.467356234788895 0.245477557182312 -0.217783123254776 -0.171563699841499
327.676147460938 299.969268798828 29.6776809692383 -0.774691343307495 -0.613053977489471 -0.154977530241013 0.543138146400452 -0.770619988441467 0.333385229110718 0.0343126468360424 -0.0969899967312813 0.281262367963791 -0.210070550441742 -0.551586508750916 0.239277556538582
327.658355712891 299.592529296875 30.0425987243652 -0.189506307244301 -0.688705861568451 -0.699836730957031 0.510242700576782 -0.678031146526337 0.529080331325531 -0.0080703841522336 0.0516375005245209 0.0482516475021839 0.0663235038518906 -0.169276088476181 -0.127482116222382
327.559539794922 299.230651855469 30.3236999511719 0.562528669834137 -0.238090306520462 -0.791754007339478 0.495363801717758 -0.669662058353424 0.553323864936829 0.496520757675171 0.15216064453125 -0.268852144479752 0.0826942250132561 0.436643183231354 0.290155917406082
327.632263183594 298.72802734375 30.3028659820557 0.855441987514496 0.357905387878418 -0.374329447746277 0.504153966903687 -0.740894734859467 0.44373807311058 -0.180567070841789 0.153685554862022 -0.176255911588669 -0.0374660678207874 1.03332042694092 -0.577545642852783
327.99609375 298.453430175781 30.2861785888672 0.604650318622589 0.625303208827972 0.493349432945251 0.476523160934448 -0.780320286750793 0.405000895261765 0.0457197390496731 0.129268631339073 -0.513192355632782 0.00346045754849911 0.089700311422348 0.0434995032846928
328.140045166016 298.657196044922 29.4826507568359 0.993416666984558 -0.102853938937187 -0.0504405535757542 -0.0593992955982685 -0.0859851241111755 -0.994524121284485 0.667622745037079 -0.448954343795776 0.284307539463043 0.0617440938949585 0.0481982566416264 0.421686977148056
328.228668212891 298.877807617188 29.0478000640869 0.550814032554626 -0.831404507160187 -0.0732823312282562 -0.232204928994179 -0.0683162957429886 -0.970264732837677 0.375130176544189 -0.0310728698968887 0.178814306855202 -0.217802062630653 0.107503637671471 0.272592633962631
328.369079589844 298.892822265625 28.4962730407715 -0.00830498617142439 -0.960843920707703 0.276965230703354 -0.283477693796158 -0.263349890708923 -0.922110140323639 -0.00572373019531369 -0.250497311353683 -0.369061470031738 0.108692102134228 0.239726886153221 0.0975169762969017
