t = 0
b =  40.0 40.0 40.0
E = 0. 0. 0.
4.51645102754 6.99553451686 17.3573284285 -0.180918667427 -0.262049940043 0.947944230796 0.147229939313 0.945772070981 0.289548846866 0.0 0.0 0.0 0.0 0.0 0.0
4.21109706241 7.40182689594 17.5315999431 0.423645876957 -0.324825867374 0.845584015236 0.147229939313 0.945772070981 0.289548846866 0.0 0.0 0.0 0.0 0.0 0.0
4.00231318827 7.73407520834 17.8986223606 0.867260269704 -0.264195016891 0.421972294876 0.147229939313 0.945772070981 0.289548846866 0.0 0.0 0.0 0.0 0.0 0.0
3.9912213199 8.00610025833 18.3618333759 0.981387986172 -0.103192062386 -0.161953755308 0.147229939313 0.945772070981 0.289548846866 0.0 0.0 0.0 0.0 0.0 0.0
4.20383687385 8.25460267444 18.7881270277 0.722669998761 0.0970152818983 -0.684350866127 0.147229939313 0.945772070981 0.289548846866 0.0 0.0 0.0 0.0 0.0 0.0
4.58118507677 8.52521972712 19.058422878 0.189397596423 0.260364898581 -0.946751641169 0.147229939313 0.945772070981 0.289548846866 0.0 0.0 0.0 0.0 0.0 0.0
5.00170646774 8.85518696663 19.1129066618 -0.415830119356 0.324797537224 -0.849465638887 0.147229939313 0.945772070981 0.289548846866 0.0 0.0 0.0 0.0 0.0 0.0
5.32743936992 9.25919181496 18.9737547266 -0.863077020482 0.26583416115 -0.429453438084 0.147229939313 0.945772070981 0.289548846866 0.0 0.0 0.0 0.0 0.0 0.0
5.45643383813 9.72379356869 18.7367088667 -0.982426531648 0.105875942745 0.153715303926 0.147229939313 0.945772070981 0.289548846866 0.0 0.0 0.0 0.0 0.0 0.0
5.36148414754 10.2125297469 18.5347024151 -0.728535778146 -0.0943063164599 0.678485031991 0.147229939313 0.945772070981 0.289548846866 0.0 0.0 0.0 0.0 0.0 0.0
5.10046470339 10.6797687973 18.4873566479 -0.197862102058 -0.258660029324 0.945486952739 0.147229939313 0.945772070981 0.289548846866 0.0 0.0 0.0 0.0 0.0 0.0
4.79434258686 11.0880462859 18.6555346613 0.40798269468 -0.324744472483 0.853282572442 0.147229939313 0.945772070981 0.289548846866 0.0 0.0 0.0 0.0 0.0 0.0
4.58122013841 11.4222982618 19.018218464 0.858828044603 -0.267453061108 0.43690187675 0.147229939313 0.945772070981 0.289548846866 0.0 0.0 0.0 0.0 0.0 0.0
4.56386756975 11.6955843039 19.4804940632 0.983390261541 -0.108551760241 -0.145465146528 0.147229939313 0.945772070981 0.289548846866 0.0 0.0 0.0 0.0 0.0 0.0
4.77067884216 11.9441259689 19.9096108777 0.734346076712 0.0915901692303 -0.672567528593 0.147229939313 0.945772070981 0.289548846866 0.0 0.0 0.0 0.0 0.0 0.0
5.14488432586 12.2135456159 20.1854159029 0.206311539728 0.256935462105 -0.944150261816 0.147229939313 0.945772070981 0.289548846866 0.0 0.0 0.0 0.0 0.0 0.0
5.56611853153 12.5415337095 20.2460018462 -0.400104200544 0.324666677194 -0.857034525225 0.147229939313 0.945772070981 0.289548846866 0.0 0.0 0.0 0.0 0.0 0.0
5.89614897209 12.9435295824 20.1112267425 -0.854513665643 0.26905159348 -0.444317043647 0.147229939313 0.945772070981 0.289548846866 0.0 0.0 0.0 0.0 0.0 0.0
6.03139299569 13.4068557746 19.8751695547 -0.984279102458 0.1112193111 0.137203911397 0.147229939313 0.945772070981 0.289548846866 0.0 0.0 0.0 0.0 0.0 0.0
5.94227056691 13.8955344121 19.6703880029 -0.74010045198 -0.0888670470548 0.666598806574 0.147229939313 0.945772070981 0.289548846866 0.0 0.0 0.0 0.0 0.0 0.0
5.68444221682 14.3639558035 19.61755767 -0.214745265976 -0.255191328255 0.942741670196 0.147229939313 0.945772070981 0.289548846866 0.0 0.0 0.0 0.0 0.0 0.0
5.37766267658 14.7742063237 19.7796253304 0.392195236923 -0.32456415728 0.86072121151 0.147229939313 0.945772070981 0.289548846866 0.0 0.0 0.0 0.0 0.0 0.0
5.16028405295 15.1104724339 20.1378944181 0.850134212159 -0.270629636531 0.451698374081 0.147229939313 0.945772070981 0.289548846866 0.0 0.0 0.0 0.0 0.0 0.0
5.13669354973 15.38504851 20.5991281644 0.985092986711 -0.113878392177 -0.128932227656 0.147229939313 0.945772070981 0.289548846866 0.0 0.0 0.0 0.0 0.0 0.0
5.33765502382 15.633666003 21.0309718054 0.745798465734 0.0861371573095 -0.660579320475 0.147229939313 0.945772070981 0.289548846866 0.0 0.0 0.0 0.0 0.0 0.0
5.70862128164 15.9019184637 21.3122363694 0.22316263854 0.253427760598 -0.941261285148 0.147229939313 0.945772070981 0.289548846866 0.0 0.0 0.0 0.0 0.0 0.0
6.13045746995 16.2279397904 21.3789403939 -0.384256406116 0.324436920549 -0.864342350544 0.147229939313 0.945772070981 0.289548846866 0.0 0.0 0.0 0.0 0.0 0.0
6.46470239838 16.6279165234 21.2486175524 -0.845690017664 0.272187070088 -0.459045305934 0.147229939313 0.945772070981 0.289548846866 0.0 0.0 0.0 0.0 0.0 0.0
6.60617226068 17.0899383075 21.013655319 -0.985831852318 0.116528800975 0.120650725228 0.147229939313 0.945772070981 0.289548846866 0.0 0.0 0.0 0.0 0.0 0.0
6.52292172123 17.5785228355 20.8061954221 -0.751439684047 -0.0834007078862 0.654509528703 0.147229939313 0.945772070981 0.289548846866 0.0 0.0 0.0 0.0 0.0 0.0
6.26838048215 18.0480961695 20.747930993 -0.231563016405 -0.251644893436 0.939709219408 0.147229939313 0.945772070981 0.289548846866 0.0 0.0 0.0 0.0 0.0 0.0
5.9610544462 18.4603070422 20.9038733099 0.376288312697 -0.324284976691 0.86789766656 0.147229939313 0.945772070981 0.289548846866 0.0 0.0 0.0 0.0 0.0 0.0
5.73950334296 18.7985971442 21.2576529273 0.8411814206 -0.273723775545 0.466357279711 0.147229939313 0.945772070981 0.289548846866 0.0 0.0 0.0 0.0 0.0 0.0
5.70969957102 19.0744919029 21.7177387012 0.986495643014 -0.119170335653 -0.112360034779 0.147229939313 0.945772070981 0.289548846866 0.0 0.0 0.0 0.0 0.0 0.0
5.90476751194 19.3232217799 22.1522120017 0.757023677319 0.0806579071762 -0.648389893496 0.147229939313 0.945772070981 0.289548846866 0.0 0.0 0.0 0.0 0.0 0.0
6.27239902393 19.5903376294 22.4388848056 0.23994575985 0.249842862541 -0.938085591174 0.147229939313 0.945772070981 0.289548846866 0.0 0.0 0.0 0.0 0.0 0.0
6.69472617943 19.9144051672 22.5117209694 -0.368291563465 0.324108337276 -0.871386888809 0.147229939313 0.945772070981 0.289548846866 0.0 0.0 0.0 0.0 0.0 0.0
7.03310126145 20.3123532108 22.3859244645 -0.836608764313 0.275239635878 -0.473633738574 0.147229939313 0.945772070981 0.289548846866 0.0 0.0 0.0 0.0 0.0 0.0
7.18077134931 20.773042138 22.152163134 -0.987084308246 0.121802795048 0.104060787679 0.147229939313 0.945772070981 0.289548846866 0.0 0.0 0.0 0.0 0.0 0.0
7.10343553806 21.2614960161 21.9421224634 -0.762550020307 -0.0779089640542 0.642220880889 0.147229939313 0.945772070981 0.289548846866 0.0 0.0 0.0 0.0 0.0 0.0
7.61009412787 25.1085518169 18.105539873 0.894316116647 -0.437950528237 -0.0916407023255 0.332662479481 0.513847812249 0.790756663325 0.0 0.0 0.0 0.0 0.0 0.0
7.73640966845 24.9993849597 18.6162375171 0.899889345345 0.0777922178013 -0.429124151015 0.332662479481 0.513847812249 0.790756663325 0.0 0.0 0.0 0.0 0.0 0.0
8.06785501362 24.9079508409 19.0291162974 0.563579566399 0.56398039968 -0.60357616016 0.332662479481 0.513847812249 0.790756663325 0.0 0.0 0.0 0.0 0.0 0.0
8.52776833868 24.9450760721 19.304409873 0.0131564876303 0.835902998471 -0.548719494806 0.332662479481 0.513847812249 0.790756663325 0.0 0.0 0.0 0.0 0.0 0.0
8.9906806855 25.172745418 19.4546228225 -0.542264960754 0.79025207259 -0.285395119274 0.332662479481 0.513847812249 0.790756663325 0.0 0.0 0.0 0.0 0.0 0.0
9.32998371747 25.5805527487 19.5397799455 -0.891670884361 0.444371172022 0.0863556336223 0.332662479481 0.513847812249 0.790756663325 0.0 0.0 0.0 0.0 0.0 0.0
9.46603034328 26.0896545021 19.644621838 -0.902316131057 -0.0703337662872 0.425298437516 0.332662479481 0.513847812249 0.790756663325 0.0 0.0 0.0 0.0 0.0 0.0
9.39639397863 26.5827236713 19.8464105227 -0.570156393644 -0.558317730866 0.602663254387 0.332662479481 0.513847812249 0.790756663325 0.0 0.0 0.0 0.0 0.0 0.0
9.19679044611 26.9485242961 20.1855763152 -0.0213847097782 -0.834187454914 0.551066224923 0.332662479481 0.513847812249 0.790756663325 0.0 0.0 0.0 0.0 0.0 0.0
8.99231226832 27.1241718644 20.650357671 0.535511382865 -0.79313541797 0.290109923276 0.332662479481 0.513847812249 0.790756663325 0.0 0.0 0.0 0.0 0.0 0.0
8.9099039271 27.1190241891 21.1812695929 0.888957747885 -0.450757975222 -0.0810639886033 0.332662479481 0.513847812249 0.790756663325 0.0 0.0 0.0 0.0 0.0 0.0
9.03013353249 27.0111262192 21.6937029761 0.904674201903 0.0628699585844 -0.421440335895 0.332662479481 0.513847812249 0.790756663325 0.0 0.0 0.0 0.0 0.0 0.0
9.35658365067 26.9175594584 22.1100690215 0.576689801271 0.552612543995 -0.601704453473 0.332662479481 0.513847812249 0.790756663325 0.0 0.0 0.0 0.0 0.0 0.0
9.81449022719 26.9499607443 22.3892765177 0.0296113033976 0.832408384753 -0.553370989215 0.332662479481 0.513847812249 0.790756663325 0.0 0.0 0.0 0.0 0.0 0.0
10.2791467013 27.1721095478 22.5423430796 -0.528717023712 0.795958363017 -0.294802634284 0.332662479481 0.513847812249 0.790756663325 0.0 0.0 0.0 0.0 0.0 0.0
